# x_grid=r_grid_MeV**2*M**2*omega_over_m #x=m*omega*r^2
0.000000000000000000e+00
4.518583651446131909e-03
1.807433460578452764e-02
4.066725286301518805e-02
7.229733842313811054e-02
1.129645912861533125e-01
1.626690114520607522e-01
2.214105989208604852e-01
2.891893536925524422e-01
3.660052757671366508e-01
4.518583651446132499e-01
5.467486218249818508e-01
6.506760458082430088e-01
7.636406370943965571e-01
8.856423956834419409e-01
1.016681321575379604e+00
1.156757414770209769e+00
1.305870675267932102e+00
1.464021103068546603e+00
1.631208698172053273e+00
1.807433460578452999e+00
1.992695390287744450e+00
2.186994487299927403e+00
2.390330751615004079e+00
2.602704183232972035e+00
2.824114782153833492e+00
3.054562548377586229e+00
3.294047481904229802e+00
3.542569582733767763e+00
3.800128850866197450e+00
4.066725286301518416e+00
4.342358889039733327e+00
4.627029659080839075e+00
4.920737596424837434e+00
5.223482701071728407e+00
5.535264973021511992e+00
5.856084412274186413e+00
6.185941018829756111e+00
6.524834792688213092e+00
6.872765733849566239e+00
7.229733842313811998e+00
7.595739118080949481e+00
7.970781561150977801e+00
8.354861171523898733e+00
8.747977949199709613e+00
9.150131894178418435e+00
9.561323006460016316e+00
9.981551286044506810e+00
1.041081673293188814e+01
1.084911934712216386e+01
1.129645912861533397e+01
1.175283607741138781e+01
1.221825019351034491e+01
1.269270147691218753e+01
1.317618992761691921e+01
1.366871554562455238e+01
1.417027833093507105e+01
1.468087828354848234e+01
1.520051540346478980e+01
1.572918969068398631e+01
1.626690114520607366e+01
1.681364976703105896e+01
1.736943555615893331e+01
1.793425851258969672e+01
1.850811863632335630e+01
1.909101592735990849e+01
1.968295038569934974e+01
2.028392201134168360e+01
2.089393080428691363e+01
2.151297676453503271e+01
2.214105989208604797e+01
2.277818018693995938e+01
2.342433764909674565e+01
2.407953227855643874e+01
2.474376407531902444e+01
2.541703303938448855e+01
2.609933917075285237e+01
2.679068246942411946e+01
2.749106293539826495e+01
2.820048056867531372e+01
2.891893536925524799e+01
2.964642733713806777e+01
3.038295647232379793e+01
3.112852277481240648e+01
3.188312624460391120e+01
3.264676688169831209e+01
3.341944468609559493e+01
3.420115965779576328e+01
3.499191179679883845e+01
3.579170110310481334e+01
3.660052757671367374e+01
3.741839121762542675e+01
3.824529202584006526e+01
3.908123000135758929e+01
3.992620514417802724e+01
4.078021745430133649e+01
4.164326693172755256e+01
4.251535357645666124e+01
4.339647738848865544e+01
4.428663836782354934e+01
4.518583651446133587e+01
4.609407182840199368e+01
4.701134430964555122e+01
4.793765395819201558e+01
4.887300077404137966e+01
4.981738475719361503e+01
5.077080590764875012e+01
5.173326422540676361e+01
5.270475971046767683e+01
5.368529236283148975e+01
5.467486218249820951e+01
5.567346916946780055e+01
5.668111332374028422e+01
5.769779464531564628e+01
5.872351313419392937e+01
5.975826879037509798e+01
6.080206161385915919e+01
6.185489160464610592e+01
6.291675876273594525e+01
6.398766308812866299e+01
6.506760458082429466e+01
6.615658324082282604e+01
6.725459906812423583e+01
6.836165206272853823e+01
6.947774222463573324e+01
7.060286955384579244e+01
7.173703405035878689e+01
7.288023571417465973e+01
7.403247454529342519e+01
7.519375054371506906e+01
7.636406370943963395e+01
7.754341404246709146e+01
7.873180154279739895e+01
7.992922621043064169e+01
8.113568804536673440e+01
8.235118704760574815e+01
8.357572321714765451e+01
8.480929655399246769e+01
8.605190705814013086e+01
8.730355472959072927e+01
8.856423956834419187e+01
8.983396157440051866e+01
9.111272074775983754e+01
9.240051708842196376e+01
9.369735059638698260e+01
9.500322127165492248e+01
9.631812911422575496e+01
9.764207412409948006e+01
9.897505630127609777e+01
1.003170756457555939e+02
1.016681321575379542e+02
1.030282258366232639e+02
1.043973566830114095e+02
1.057755246967025187e+02
1.071627298776964778e+02
1.085589722259933154e+02
1.099642517415930598e+02
1.113785684244956968e+02
1.128019222747012549e+02
1.142343132922096487e+02
1.156757414770209920e+02
1.171262068291351852e+02
1.185857093485522711e+02
1.200542490352722922e+02
1.215318258892951917e+02
1.230184399106209412e+02
1.245140910992496259e+02
1.260187794551811749e+02
1.275325049784156448e+02
1.290552676689529790e+02
1.305870675267932484e+02
1.321279045519363535e+02
1.336777787443823797e+02
1.352366901041312701e+02
1.368046386311830531e+02
1.383816243255377856e+02
1.399676471871953538e+02
1.415627072161559283e+02
1.431668044124192534e+02
1.447799387759855279e+02
1.464021103068546950e+02
1.480333190050266978e+02
1.496735648705017070e+02
1.513228479032794951e+02
1.529811681033602611e+02
1.546485254707438344e+02
1.563249200054303572e+02
1.580103517074198294e+02
1.597048205767121090e+02
1.614083266133073096e+02
1.631208698172053460e+02
1.648424501884063602e+02
1.665730677269102102e+02
1.683127224327169245e+02
1.700614143058266450e+02
1.718191433462391444e+02
1.735859095539546217e+02
1.753617129289729348e+02
1.771465534712941974e+02
1.789404311809182673e+02
1.807433460578453435e+02
1.825552981020751986e+02
1.843762873136079747e+02
1.862063136924436435e+02
1.880453772385822049e+02
1.898934779520236589e+02
1.917506158327680623e+02
1.936167908808152447e+02
1.954920030961655186e+02
1.973762524788184862e+02
1.992695390287744601e+02
